24
25
26
27
68
69
70
71
80
81
82
83
148
149
150
151
376
377
378
379
412
413
414
415
428
429
430
431
540
541
542
543
584
585
586
587
620
621
622
623
680
681
682
683
764
765
766
767
772
773
774
775
788
789
790
791
816
817
818
819
852
853
854
855
924
925
926
927
968
969
970
971
992
993
994
995
1072
1073
1074
1075
1156
1157
1158
1159
1256
1257
1258
1259
1344
1345
1346
1347
1348
1349
1350
1351
1388
1389
1390
1391
1472
1473
1474
1475
1544
1545
1546
1547
1552
1553
1554
1555
1556
1557
1558
1559
1640
1641
1642
1643
1648
1649
1650
1651
1664
1665
1666
1667
1680
1681
1682
1683
1720
1721
1722
1723
1752
1753
1754
1755
1780
1781
1782
1783
1792
1793
1794
1795
1820
1821
1822
1823
2112
2113
2114
2115
2168
2169
2170
2171
2268
2269
2270
2271
2412
2413
2414
2415
2464
2465
2466
2467
2560
2561
2562
2563
2568
2569
2570
2571
2716
2717
2718
2719
2760
2761
2762
2763
2808
2809
2810
2811
2840
2841
2842
2843
2976
2977
2978
2979
3028
3029
3030
3031
3084
3085
3086
3087
3196
3197
3198
3199
3348
3349
3350
3351
3436
3437
3438
3439
3732
3733
3734
3735
3764
3765
3766
3767
3800
3801
3802
3803
3828
3829
3830
3831
3916
3917
3918
3919
4132
4133
4134
4135
4152
4153
4154
4155
4168
4169
4170
4171
4320
4321
4322
4323
4492
4493
4494
4495
4904
4905
4906
4907
4772
4773
4774
4775
4844
4845
4846
4847
4920
4921
4922
4923
4952
4953
4954
4955
5076
5077
5078
5079
5236
5237
5238
5239
5300
5301
5302
5303
5364
5365
5366
5367
5448
5449
5450
5451
5460
5461
5462
5463
5476
5477
5478
5479
5516
5517
5518
5519
5528
5529
5530
5531
5608
5609
5610
5611
5676
5677
5678
5679
5696
5697
5698
5699
5736
5737
5738
5739
5740
5741
5742
5743
5788
5789
5790
5791
5820
5821
5822
5823
5856
5857
5858
5859
5864
5865
5866
5867
5868
5869
5870
5871
5888
5889
5890
5891
5916
5917
5918
5919
6036
6037
6038
6039
